0,428
40,6
40,1
40,3
0,273
0,270
0,427
0,243
25,5
47,1
47,3
46,1
46,3
45,1
45,3
37,4
37,1
37,3
41,4
35,10
62,36
42,5
42,1
42,3
14,8
41,1
41,3
14,6
14,7
35,6
27,5
35,8
35,7
35,12
27,4
27,1
27,3
29,5
29,1
29,3
28,1
28,3
62,35
36,10
25,4
25,1
25,3
14,5
34,73
34,72
34,71
34,70
34,69
34,64
34,36
34,35
34,34
34,33
34,32
34,31
34,30
34,29
34,28
34,27
34,26
34,25
34,24
34,23
34,22
34,21
34,20
34,19
34,18
34,17
34,16
34,15
34,14
34,13
34,12
34,11
34,10
34,9
34,6
34,65
3,2
3,1
3,3
10,129
10,188
10,136
10,99
10,18
10,220
10,175
10,1
10,92
10,2
10,3
11,7
11,20
11,4
11,6
11,13
11,23
11,14
11,1
11,30
11,2
11,3
9,7
9,1
9,5
9,2
9,3
8,4
8,9
8,5
8,12
8,13
8,1
8,15
8,2
8,3
12,2
12,1
12,3
20,2
20,1
